5.259419809892179910e+04
5.250522236124702613e+04
5.241638934565404634e+04
5.232769882313417475e+04
5.223915055534632120e+04
5.215074431083032687e+04
5.206247986656586727e+04
5.197435695482585288e+04
5.188637542734446470e+04
5.179853501706288807e+04
5.171083548155271274e+04
5.162327661720817559e+04
5.153585817595927801e+04
5.144857994528944982e+04
5.136144168909937434e+04
5.127444318442460644e+04
5.118758420230589400e+04
5.110086452208719857e+04
5.101428392502961651e+04
5.092784213275305956e+04
5.084153901253740332e+04
5.075537429458848055e+04
5.066934775845504191e+04
5.058345917462131183e+04
5.049770833119593590e+04
5.041209500094965188e+04
5.032661895392405859e+04
5.024127997771102673e+04
5.015607785242560203e+04
5.007101234921437572e+04
4.998608325669058831e+04
4.990129030648363550e+04
4.981663336691247241e+04
4.973211216411039641e+04
4.964772649424985866e+04
4.956347613222460495e+04
4.947936085332384391e+04
4.939538045316680655e+04
4.931153470314311562e+04
4.922782339493706968e+04
4.914424630526667170e+04
4.906080321581341559e+04
4.897749391774911783e+04
4.889431814938780008e+04
4.881127577100383496e+04
4.872836653524035501e+04
4.864559022250374255e+04
4.856294662414393679e+04
4.848043551976688468e+04
4.839805669839240727e+04
4.831580994636516698e+04
4.823369504437873547e+04
4.815171179447390023e+04
4.806985997203422448e+04
4.798813936480564007e+04
4.790654973107627302e+04
4.782509092042333941e+04
4.774376270068172016e+04
4.766256485795933986e+04
4.758149717576475086e+04
4.750055944242182159e+04
4.741975145398562745e+04
4.733907300239412871e+04
4.725852387108901166e+04
4.717810385565069737e+04
4.709781275197125797e+04
4.701765034453966655e+04
4.693761642846382165e+04
4.685771076413999981e+04
4.677793321014576941e+04
4.669828352749373153e+04
4.661876151260123879e+04
4.653936694769938913e+04
4.646009964004542417e+04
4.638095938269078033e+04
4.630194596325658495e+04
4.622305918703747739e+04
4.614429883801400138e+04
4.606566472068468283e+04
4.598715662978512410e+04
4.590877432459135161e+04
4.583051767217713495e+04
4.575238644671564543e+04
4.567438042428093468e+04
4.559649941983140889e+04
4.551874321871170105e+04
4.544111163504409342e+04
4.536360445627253648e+04
4.528622147872370260e+04
4.520896251600860705e+04
4.513182736083352938e+04
4.505481580908961769e+04
4.497792762892158498e+04
4.490116269280280540e+04
4.482452076804105309e+04
4.474800165464112797e+04
4.467160515573170414e+04
4.459533106499852875e+04
4.451917919876753149e+04
4.444314935275708558e+04
4.436724132721212663e+04
4.429145493379508116e+04
4.421578996784243645e+04
4.414024624024871446e+04
4.406482351531956374e+04
4.398952166664916149e+04
4.391434047290773015e+04
4.383927972696696816e+04
4.376433924811627367e+04
4.368951883399523649e+04
4.361481829216813640e+04
4.354023743186873617e+04
4.346577605718447012e+04
4.339143397253419971e+04
4.331721099080718704e+04
4.324310691839906940e+04
4.316912156473124196e+04
4.309525469902482291e+04
4.302150621103162121e+04
4.294787585437017697e+04
4.287436345722439728e+04
4.280096882382034528e+04
4.272769176006725320e+04
4.265453208424463810e+04
4.258148960287290538e+04
4.250856412280601216e+04
4.243575546320925787e+04
4.236306342357188259e+04
4.229048783162651671e+04
4.221802845702829654e+04
4.214568517977410374e+04
4.207345777806665137e+04
4.200134606754402921e+04
4.192934986149916222e+04
4.185746897221442487e+04
4.178570321490758943e+04
4.171405240116085042e+04
4.164251635203001206e+04
4.157109487577314576e+04
4.149978779142050189e+04
4.142859491697635531e+04
4.135751602524425107e+04
4.128655100767117983e+04
4.121569964411783440e+04
4.114496175118883548e+04
4.107433714836955915e+04
4.100382565413731209e+04
4.093342707953514036e+04
4.086314123979920987e+04
4.079296797100807453e+04
4.072290707355142513e+04
4.065295837636735087e+04
4.058312169329937751e+04
4.051339681556810683e+04
4.044378362142731203e+04
4.037428190262782300e+04
4.030489148184542864e+04
4.023561216809624602e+04
4.016644379858824686e+04
4.009738618545865029e+04
4.002843915127882065e+04
3.995960252016141749e+04
3.989087611146558629e+04
3.982225973983651056e+04
3.975375324406084110e+04
3.968535640807126038e+04
3.961706911374903575e+04
3.954889115685257275e+04
3.948082236472546356e+04
3.941286255254469143e+04
3.934501155072056281e+04
3.927726918371457577e+04
3.920963527379941661e+04
3.914210964725356462e+04
3.907469213309818588e+04
3.900738255322787882e+04
3.894018072984418541e+04
3.887308649650023290e+04
3.880609964655004296e+04
3.873922006926108588e+04
3.867244755973733845e+04
3.860578193917490717e+04
3.853922304735221405e+04
3.847277070236972213e+04
3.840642474330180266e+04
3.834018498883313441e+04
3.827405126766740432e+04
3.820802341603396781e+04
3.814210125954026444e+04
3.807628462289019808e+04
3.801057331306317064e+04
3.794496721907597384e+04
3.787946613637803966e+04
3.781406990039764059e+04
3.774877834441878076e+04
3.768359129482928984e+04
3.761850858427534695e+04
3.755353004685822089e+04
3.748865551337665238e+04
3.742388481372484239e+04
3.735921778281733714e+04
3.729465425228177628e+04
3.723019403043635248e+04
3.716583700492407661e+04
3.710158298101617402e+04
3.703743179495314689e+04
3.697338327619872871e+04
3.690943726153645548e+04
3.684559358566749142e+04
3.678185209055982705e+04
3.671821259860810096e+04
3.665467495232167857e+04
3.659123899211107346e+04
3.652790454819320439e+04
3.646467142794523534e+04
3.640153952930840751e+04
3.633850865436138702e+04
3.627557864597579464e+04
3.621274934495165508e+04
3.615002058085137105e+04
3.608739219272160699e+04
3.602486402100941632e+04
3.596243590755271725e+04
3.590010768188225484e+04
3.583787918979356618e+04
3.577575026934062771e+04
3.571372076565764291e+04
3.565179047876386176e+04
3.558995931670169375e+04
3.552822708113156841e+04
3.546659362159814918e+04
3.540505877658470854e+04
3.534362238484754926e+04
3.528228428766098659e+04
3.522104432655713754e+04
3.515990234892140870e+04
3.509885818671703601e+04
3.503791169230899686e+04
3.497706270377447072e+04
3.491631103500880999e+04
3.485565658584101038e+04
3.479509917617872998e+04
3.473463865178871492e+04
3.467427483768195088e+04
3.461400759675427980e+04
3.455383676780165843e+04
3.449376219650665007e+04
3.443378372879726521e+04
3.437390120317244873e+04
3.431411446937012079e+04
3.425442337735152978e+04
3.419482774675044493e+04
3.413532746951487934e+04
3.407592236794377095e+04
3.401661228428412142e+04
3.395739707732229726e+04
3.389827658869829611e+04
3.383925065925415402e+04
3.378031914522736770e+04
3.372148189227494004e+04
3.366273874954152416e+04
3.360408956104218669e+04
3.354553418285972293e+04
3.348707242524405592e+04
3.342870420474569255e+04
3.337042933529115544e+04
3.331224766749936680e+04
3.325415905648163607e+04
3.319616334162903513e+04
3.313826038172973495e+04
3.308045002623317851e+04
3.302273212695221446e+04
3.296510653488004755e+04
3.290757310019819852e+04
3.285013167123253515e+04
3.279278207451414346e+04
3.273552421876697190e+04
3.267835793093311077e+04
3.262128305612451368e+04
3.256429945643732935e+04
3.250740697643360181e+04
3.245060547449135629e+04
3.239389480400060711e+04
3.233727481133022229e+04
3.228074536176965921e+04
3.222430630216594727e+04
3.216795748790579091e+04
3.211169877769715094e+04
3.205552999856427778e+04
3.199945105190149479e+04
3.194346177135739708e+04
3.188756201859888097e+04
3.183175163913135475e+04
3.177603049509044649e+04
3.172039843861589907e+04
3.166485533228133863e+04
3.160940103072787315e+04
3.155403538884223235e+04
3.149875826378152851e+04
3.144356951596779254e+04
3.138846897474352591e+04
3.133345655149448430e+04
3.127853207498836855e+04
3.122369540354273340e+04
3.116894640372930007e+04
3.111428492927982006e+04
3.105971083418717171e+04
3.100522398568221979e+04
3.095082424220350367e+04
3.089651146043388144e+04
3.084228549829647818e+04
3.078814622089800105e+04
3.073409345986813423e+04
3.068012713425964466e+04
3.062624707215599483e+04
3.057245313558624184e+04
3.051874518089415506e+04
3.046512307941797189e+04
3.041158669186753104e+04
3.035813587330687005e+04
3.030477049275784520e+04
3.025149040965935274e+04
3.019829548564181459e+04
3.014518558548449073e+04
3.009216054599804193e+04
3.003922028199340275e+04
2.998636463068836019e+04
2.993359345966770343e+04
2.988090662416088162e+04
2.982830399798944563e+04
2.977578544165949279e+04
2.972335082168741064e+04
2.967100000000000000e+04
2.961873284163545759e+04
2.956654921472015849e+04
2.951444898185169586e+04
2.946243201253768711e+04
2.941049814411671105e+04
2.935864729510477264e+04
2.930687930420147313e+04
2.925519403797066479e+04
2.920359136981349729e+04
2.915207116197338837e+04
2.910063328071092837e+04
2.904927759250817689e+04
2.899800397158700071e+04
2.894681228014374574e+04
2.889570238718300607e+04
2.884467415911136050e+04
2.879372744855254859e+04
2.874286216345685534e+04
2.869207815495181421e+04
2.864137528564367312e+04
2.859075343045617774e+04
2.854021245985712449e+04
2.848975223804478446e+04
2.843937264054696061e+04
2.838907353292394328e+04
2.833885479202380156e+04
2.828871628107602737e+04
2.823865787549737070e+04
2.818867942431271513e+04
2.813878084001923708e+04
2.808896197203817428e+04
2.803922269840866647e+04
2.798956288550120371e+04
2.793998240720126341e+04
2.789048113577512413e+04
2.784105894279013228e+04
2.779171570274046098e+04
2.774245128850876426e+04
2.769326556687084303e+04
2.764415842285719918e+04
2.759512969667896687e+04
2.754617931243910425e+04
2.749730712064085674e+04
2.744851299719291274e+04
2.739979681641017669e+04
2.735115845013570288e+04
2.730259777399506856e+04
2.725411466470048981e+04
2.720570899826809546e+04
2.715738064736586966e+04
2.710912948399603192e+04
2.706095539275363262e+04
2.701285822221450871e+04
2.696483789178260122e+04
2.691689426011903925e+04
2.686902720638854589e+04
2.682123659503911767e+04
2.677352231267403113e+04
2.672588423555047848e+04
2.667832224187515021e+04
2.663083620482250262e+04
2.658342600388020583e+04
2.653609151959137307e+04
2.648883263008014183e+04
2.644164921193743430e+04
2.639454112036074366e+04
2.634750828335937695e+04
2.630055055302986148e+04
2.625366780677384668e+04
2.620685993164460524e+04
2.616012679941166061e+04
2.611346829578315737e+04
2.606688429636991350e+04
2.602037468127054672e+04
2.597393933588908840e+04
2.592757813643602276e+04
2.588129096528659647e+04
2.583507768380408743e+04
2.578893821207325891e+04
2.574287240843213294e+04
2.569688016193176009e+04
2.565096134828841605e+04
2.560511585185870354e+04
2.555934355381579371e+04
2.551364433804481814e+04
2.546801808358866037e+04
2.542246467555260460e+04
2.537698399420966598e+04
2.533157593003642978e+04
2.528624033538822914e+04
2.524097714107168213e+04
2.519578620978934850e+04
2.515066742443313706e+04
2.510562066726219928e+04
2.506064582486063955e+04
2.501574278316082928e+04
2.497091142169124214e+04
2.492615163087631299e+04
2.488146328981054830e+04
2.483684629009260243e+04
2.479230050956953346e+04
2.474782582142427782e+04
2.470342214473479544e+04
2.465908935055252368e+04
2.461482731995436916e+04
2.457063594234293851e+04
2.452651510404601504e+04
2.448246469076725771e+04
2.443848459162802101e+04
2.439457469027694970e+04
2.435073487780783034e+04
2.430696503583226149e+04
2.426326505179459127e+04
2.421963482293089328e+04
2.417607420742280374e+04
2.413258313566280049e+04
2.408916147738659492e+04
2.404580912092897415e+04
2.400252595321685294e+04
2.395931186771351349e+04
2.391616674694533140e+04
2.387309048156586869e+04
2.383008296634564613e+04
2.378714408516512412e+04
2.374427372841451870e+04
2.370147178665801039e+04
2.365873813102225540e+04
2.361607269010558593e+04
2.357347533692149591e+04
2.353094595570071397e+04
2.348848444648092482e+04
2.344609068918299818e+04
2.340376458495355109e+04
2.336150602263904875e+04
2.331931488972796069e+04
2.327719108009614501e+04
2.323513448546415384e+04
2.319314499772804265e+04
2.315122249125649978e+04
2.310936689372892215e+04
2.306757808290448520e+04
2.302585594600161494e+04
2.298420037885979764e+04
2.294261127594568825e+04
2.290108852960260265e+04
2.285963203006836557e+04
2.281824167233295520e+04
2.277691735458450421e+04
2.273565896530611280e+04
2.269446639848131235e+04
2.265333953316167754e+04
2.261227829918340285e+04
2.257128257212783865e+04
2.253035225041496960e+04
2.248948722210582855e+04
2.244868738521470004e+04
2.240795264015112843e+04
2.236728287177728635e+04
2.232667798607024451e+04
2.228613787570922796e+04
2.224566243207478692e+04
2.220525155713453933e+04
2.216490512186615888e+04
2.212462306637639995e+04
2.208440526861853868e+04
2.204425162010500571e+04
2.200416202285645704e+04
2.196413636947135456e+04
2.192417455714676544e+04
2.188427648984156258e+04
2.184444205993283322e+04
2.180467116584011455e+04
2.176496370614406987e+04
2.172531957885808515e+04
2.168573868070674507e+04
2.164622089479715578e+04
2.160676615088017570e+04
2.156737433815308395e+04
2.152804534748194783e+04
2.148877908220909376e+04
2.144957543933168563e+04
2.141043431961902388e+04
2.137135562184076480e+04
2.133233924565069174e+04
2.129338509372760382e+04
2.125449306103524941e+04
2.121566305129125976e+04
2.117689494413704597e+04
2.113818868208222921e+04
2.109954413866523828e+04
2.106096122390751771e+04
2.102243983307071176e+04
2.098397987009204371e+04
2.094558123481814619e+04
2.090724382937763949e+04
2.086896755394461434e+04
2.083075231307436115e+04
2.079259800515425377e+04
2.075450453575201755e+04
2.071647178820972113e+04
2.067849969917332055e+04
2.064058815437795056e+04
2.060273705651480486e+04
2.056494630912711000e+04
2.052721581660437005e+04
2.048954547863895641e+04
2.045193520270430963e+04
2.041438488950396641e+04
2.037689443922637656e+04
2.033946376324336961e+04
2.030209275929955766e+04
2.026478132053459558e+04
2.022752938070344317e+04
2.019033683183597532e+04
2.015320357233675895e+04
2.011612951102400257e+04
2.007911455004166055e+04
2.004215859849691333e+04
2.000526155545319489e+04
1.996842333370705819e+04
1.993164383804952740e+04
1.989492296667994378e+04
1.985826063214811802e+04
1.982165673904045252e+04
1.978511117396802001e+04
1.974862388283429391e+04
1.971219474716353579e+04
1.967582368221509751e+04
1.963951058732528691e+04
1.960325537135784907e+04
1.956705794664151472e+04
1.953091821432863435e+04
1.949483608504544827e+04
1.945881146491182517e+04
1.942284426351172806e+04
1.938693438330486606e+04
1.935108172166110671e+04
1.931528621630637281e+04
1.927954775959522885e+04
1.924386626052979773e+04
1.920824162760154650e+04
1.917267376945010619e+04
1.913716259486306080e+04
1.910170801342749837e+04
1.906630993292146741e+04
1.903096826517704903e+04
1.899568291696695815e+04
1.896045379781793599e+04
1.892528080576282446e+04
1.889016387585720440e+04
1.885510290510927734e+04
1.882009780491448328e+04
1.878514848744827395e+04
1.875025485667852990e+04
1.871541682957037847e+04
1.868063431807670349e+04
1.864590722407004796e+04
1.861123546364991853e+04
1.857661895048147198e+04
1.854205759327340638e+04
1.850755128693454026e+04
1.847309997857057169e+04
1.843870356017618542e+04
1.840436194295902897e+04
1.837007504520926886e+04
1.833584277021091475e+04
1.830166503653092514e+04
1.826754175405287606e+04
1.823347283845701895e+04
1.819945819991530152e+04
1.816549775063060588e+04
1.813159140544520051e+04
1.809773906127495866e+04
1.806394065879200934e+04
1.803019610512147483e+04
1.799650530632875962e+04
1.796286817794647868e+04
1.792928463316443231e+04
1.789575458716601497e+04
1.786227795526611226e+04
1.782885464799268448e+04
1.779548458401533208e+04
1.776216767353539763e+04
1.772890383426214976e+04
1.769569298096916100e+04
1.766253501209968090e+04
1.762942987627448747e+04
1.759637746914306626e+04
1.756337770968327095e+04
1.753043051031996220e+04
1.749753578665966415e+04
