3.042645750027345741e+01
3.029360692657534671e+01
3.016111925495903989e+01
3.002899370487646280e+01
2.989722960722556167e+01
2.976582617303557399e+01
2.963478271161887179e+01
2.950409844178370378e+01
2.937377276328698628e+01
2.924380488820359147e+01
2.911419410156115717e+01
2.898493971125353497e+01
2.885604095765954824e+01
2.872749721782971832e+01
2.859930771990065068e+01
2.847147175894657067e+01
2.834398867568511804e+01
2.821685775947736019e+01
2.809007830288112828e+01
2.796364955822774689e+01
2.783757097214509457e+01
2.771184175939691130e+01
2.758646129112430856e+01
2.746142884260481409e+01
2.733674375903504483e+01
2.721240535673386418e+01
2.708841295304859997e+01
2.696476588840423361e+01
2.684146347824801637e+01
2.671850508321054463e+01
2.659589003976272892e+01
2.647361759906369372e+01
2.635168724887491010e+01
2.623009825445189236e+01
2.610884998963401316e+01
2.598794177259190974e+01
2.586737297190822460e+01
2.574714298076761310e+01
2.562725111128182931e+01
2.550769674785427910e+01
2.538847922219522246e+01
2.526959794314066698e+01
2.515105229080432636e+01
2.503284152594882173e+01
2.491496517570789493e+01
2.479742258555649670e+01
2.468021306839937523e+01
2.456333606620183119e+01
2.444679096972835808e+01
2.433057712823063667e+01
2.421469397767734932e+01
2.409914089329686604e+01
2.398391728750295826e+01
2.386902255083095881e+01
2.375445609471733022e+01
2.364021727066230483e+01
2.352630563528272489e+01
2.341272048867616462e+01
2.329946129013933742e+01
2.318652746386762331e+01
2.307391841447443781e+01
2.296163359026959228e+01
2.284967241591184717e+01
2.273803431524133956e+01
2.262671873311927229e+01
2.251572513018789579e+01
2.240505294015913762e+01
2.229470159204943513e+01
2.218467051514097577e+01
2.207495924840499413e+01
2.196556721540176227e+01
2.185649387117454268e+01
2.174773866780951792e+01
2.163930110972890830e+01
2.153118062236252328e+01
2.142337673384517771e+01
2.131588889440519097e+01
2.120871659946281795e+01
2.110185930562977674e+01
2.099531654564174232e+01
2.088908775100798465e+01
2.078317253122520114e+01
2.067757031839002124e+01
2.057228063933720108e+01
2.046730298938655324e+01
2.036263688096936519e+01
2.025828185539384663e+01
2.015423742070575486e+01
2.005050307941690235e+01
1.994707841037206109e+01
1.984396293558393509e+01
1.974115618233397029e+01
1.963865764426221361e+01
1.953646696688876716e+01
1.943458365172020663e+01
1.933300728378046429e+01
1.923173741398674963e+01
1.913077356705628063e+01
1.903011537415406806e+01
1.892976235612190550e+01
1.882971413339935651e+01
1.872997028209979931e+01
1.863053037634027476e+01
1.853139400087217936e+01
1.843256075385444603e+01
1.833403029444721000e+01
1.823580218192882185e+01
1.813787604008929577e+01
1.804025150795347088e+01
1.794292818032091219e+01
1.784590570168291279e+01
1.774918369494374915e+01
1.765276179985004035e+01
1.755663968909539463e+01
1.746081698886596456e+01
1.736529335571451682e+01
1.727006846665729967e+01
1.717514191991977412e+01
1.708051350292136306e+01
1.698618283327886402e+01
1.689214958959514590e+01
1.679841350350785945e+01
1.670497422915707020e+01
1.661183150132934117e+01
1.651898500030977601e+01
1.642643446914362215e+01
1.633417960497907018e+01
1.624222017523971573e+01
1.615055587858528341e+01
1.605918641352745269e+01
1.596811165315210346e+01
1.587733128395822924e+01
1.578684506966645529e+01
1.569665278010781684e+01
1.560675420631178945e+01
1.551714911854699075e+01
1.542783730751907001e+01
1.533881858917222729e+01
1.525009278270468727e+01
1.516165965998738940e+01
1.507351907344377651e+01
1.498567080938592611e+01
1.489811480535194121e+01
1.481085083655477774e+01
1.472387878752835100e+01
1.463719849271508089e+01
1.455080985427509255e+01
1.446471276588077970e+01
1.437890708638625092e+01
1.429339272020360774e+01
1.420816959947321223e+01
1.412323762962661178e+01
1.403859672041503970e+01
1.395424681431205727e+01
1.387018790673087665e+01
1.378641992958530871e+01
1.370294284992328215e+01
1.361975662525964381e+01
1.353686129411651606e+01
1.345425683610161549e+01
1.337194321348597370e+01
1.328992054004387491e+01
1.320818875219958244e+01
1.312674798382668939e+01
1.304559824686406877e+01
1.296473956357898771e+01
1.288417212434064396e+01
1.280389596350705794e+01
1.272391120061920411e+01
1.264421793233992730e+01
1.256481630460462995e+01
1.248570647480481455e+01
1.240688858083596280e+01
1.232836282373463277e+01
1.225012935441876039e+01
1.217218838429852923e+01
1.209454015574466013e+01
1.201718488005753649e+01
1.194012275520601030e+01
1.186335413679915973e+01
1.178687925396781289e+01
1.171069834187474434e+01
1.163481183984914935e+01
1.155921996458503465e+01
1.148392308829571107e+01
1.140892157797237516e+01
1.133421580385462590e+01
1.125980615570902366e+01
1.118569305525115709e+01
1.111187692525713899e+01
1.103835820228652231e+01
1.096513738089741885e+01
1.089221493273720576e+01
1.081959135972814856e+01
1.074726723534586448e+01
1.067524303006276831e+01
1.060351939344281469e+01
1.053209682186989937e+01
1.046097602527684955e+01
1.039015757734951428e+01
1.031964216351535946e+01
1.024943045592413782e+01
1.017952312613817512e+01
1.010992096092699022e+01
1.004062467897549382e+01
9.971635049132713036e+00
9.902952899899556627e+00
9.834579032838608015e+00
9.766514329591363008e+00
9.698759626977810910e+00
9.631315875693069017e+00
9.564183966930169589e+00
9.497364930277067074e+00
9.430859691774868381e+00
9.364669293916621839e+00
9.298794811810831007e+00
9.233237309352805511e+00
9.167997909606382834e+00
9.103077728484636921e+00
9.038477968034360543e+00
8.974199846179280016e+00
8.910244575767917397e+00
8.846613461081886953e+00
8.783307779992158615e+00
8.720328887315904609e+00
8.657678191198300510e+00
8.595357059158542867e+00
8.533366963504075642e+00
8.471709437922532615e+00
8.410385971302678954e+00
8.349398120934059975e+00
8.288747540731543850e+00
8.228435824434138013e+00
8.168464686669407726e+00
8.108835822576430985e+00
8.049551091895979837e+00
7.990612189983610669e+00
7.932021042432910285e+00
7.873779533796881225e+00
7.815889566758338347e+00
7.758353188965281255e+00
7.701172414928274534e+00
7.644349310037670264e+00
7.587886044948172426e+00
7.531784718607942075e+00
7.476047598930870564e+00
7.420676939981990294e+00
7.365675065623145557e+00
7.311044325880984296e+00
7.256787165526166206e+00
7.202906036344594476e+00
7.149403434461747864e+00
7.096281964204580461e+00
7.043544224194049796e+00
6.991192890236709090e+00
6.939230670941576307e+00
6.887660368065763983e+00
6.836484791211726808e+00
6.785706827474629499e+00
6.735329414643885571e+00
6.685355498504560678e+00
6.635788189762821254e+00
6.586630494999702101e+00
6.537885601456811635e+00
6.489556745388763481e+00
6.441647127722885280e+00
6.394160030182894694e+00
6.347098856305481540e+00
6.300466964641289636e+00
6.254267813668620946e+00
6.208504933413546034e+00
6.163181879652293027e+00
6.118302231959374282e+00
6.073869616152765438e+00
6.029887751090252657e+00
5.986360372628499960e+00
5.943291224739915890e+00
5.900684175814351562e+00
5.858543088951098099e+00
5.816871818888497359e+00
5.775674375897004609e+00
5.734954584882118844e+00
5.694716621997599759e+00
5.654964419880490922e+00
5.615702039222094655e+00
5.576933561464847422e+00
5.538663090114008369e+00
5.500894797328928831e+00
5.463632712921202561e+00
5.426881091273795477e+00
5.390644005595746080e+00
5.354925612306573157e+00
5.319730115703507956e+00
5.285061666152221171e+00
5.250924350623023429e+00
5.217322294234065794e+00
5.184259653415216107e+00
5.151740429637852614e+00
5.119768777387928793e+00
5.088348606641244665e+00
5.057483912310638097e+00
5.027178680919827336e+00
4.997436754634007272e+00
4.968261920239248397e+00
4.939657979749997097e+00
4.911628554569514193e+00
4.884177267214082185e+00
4.857307602938536029e+00
4.831023033871522543e+00
4.805326824922901530e+00
4.780222215492058169e+00
4.755712332724468361e+00
4.731800070040820039e+00
4.708488395261904103e+00
4.685779938650596499e+00
4.663677329305550678e+00
4.642182964938330159e+00
4.621299144064697551e+00
4.601027946336467167e+00
4.581371335962283631e+00
4.562331103167126756e+00
4.543908744569244540e+00
4.526105733314864210e+00
4.508923210988450947e+00
4.492362197647175925e+00
4.476423545771641699e+00
4.461107776362253752e+00
4.446415281534513930e+00
4.432346176563353168e+00
4.418900437788613189e+00
4.406077701704861127e+00
4.393877457270064291e+00
4.382298986467364266e+00
4.371341197759972985e+00
4.361002954561777223e+00
4.351282632436283215e+00
4.342178669712549954e+00
4.333688984775145414e+00
4.325811457991031617e+00
4.318543581774756390e+00
4.311882667899777033e+00
4.305825873118822145e+00
4.300369980648774515e+00
4.295511623033243076e+00
4.291247148565202174e+00
4.287572761429907509e+00
4.284484360508500345e+00
4.281977708501011115e+00
4.280048273730375108e+00
4.278691341884033328e+00
4.277901977263162792e+00
4.277675173622832006e+00
4.278005576369288576e+00
4.278887702969264240e+00
4.280315867975727606e+00
4.282284347656474033e+00
4.284787100391969972e+00
4.287817982359423574e+00
4.291370783179158543e+00
4.295438971146911200e+00
4.300016093707328402e+00
4.305095443773023334e+00
4.310670235732796840e+00
4.316733595952140234e+00
4.323278532626328996e+00
4.330297964271537126e+00
4.337784730658338361e+00
4.345731649478659087e+00
4.354131449196807502e+00
4.362976704431304142e+00
4.372260090428037316e+00
4.381974167333702930e+00
4.392111441588924414e+00
4.402664485404884864e+00
4.413625744263318218e+00
4.424987739057091751e+00
4.436742918693095561e+00
4.448883805992506879e+00
4.461402861607215442e+00
4.474292632535666669e+00
4.487545616974522922e+00
4.501154386547379538e+00
4.515111521459219901e+00
4.529409662041734563e+00
4.544041469857098114e+00
4.558999715241784934e+00
4.574277073271761473e+00
4.589866422322748107e+00
4.605760635690589133e+00
4.621952712773020444e+00
4.638435569475419129e+00
4.655202363906538743e+00
4.672246217784941535e+00
4.689560370083588836e+00
4.707138116615011469e+00
4.724972854004575673e+00
4.743058059671698246e+00
4.761387252547619298e+00
4.779954136263495634e+00
4.798752327525053651e+00
4.817775723495053342e+00
4.837018191250607835e+00
4.856473729742274870e+00
4.876136386027822844e+00
4.896000399390875835e+00
4.916059960671518070e+00
4.936309490575210290e+00
4.956743347291548751e+00
4.977356153574682196e+00
4.998142509388648236e+00
5.019097141475407753e+00
5.040214859557302418e+00
5.061490554497214411e+00
5.082919232146228872e+00
5.104496022784399401e+00
5.126216038335114966e+00
5.148074589157193515e+00
5.170067002150802615e+00
5.192188780519022551e+00
5.214435390913142676e+00
5.236802456912543313e+00
5.259285723634177678e+00
5.281880943603779244e+00
5.304584019103292469e+00
5.327390887678883580e+00
5.350297538595549796e+00
5.373300159161907175e+00
5.396394915170707129e+00
5.419578067509331909e+00
5.442845969286812746e+00
5.466195067386611761e+00
5.489621832215812347e+00
5.513122858558930695e+00
5.536694762595938180e+00
5.560334325525381871e+00
5.584038280737697590e+00
5.607803468874936748e+00
5.631626846329822023e+00
5.655505375369319410e+00
5.679436159118841587e+00
5.703416257840776993e+00
5.727442901215847648e+00
5.751513289095863790e+00
5.775624743212717682e+00
5.799774627428270435e+00
5.823960364802158729e+00
5.848179437348607124e+00
5.872429374546109138e+00
5.896707747597823790e+00
5.921012211392670643e+00
5.945340462917533486e+00
5.969690236454709975e+00
5.994059359810766097e+00
6.018445638700800515e+00
6.042846997987741275e+00
6.067261356211361090e+00
6.091686730138722972e+00
6.116121156110403412e+00
6.140562675478324905e+00
6.165009461423544224e+00
6.189459637476177889e+00
6.213911422222349934e+00
6.238363090058441252e+00
6.262812894723927215e+00
6.287259188626406647e+00
6.311700329099901197e+00
6.336134708435746887e+00
6.360560805056978850e+00
6.384977035521328226e+00
6.409381974614718480e+00
6.433774145051588178e+00
6.458152135613869582e+00
6.482514532854734668e+00
6.506860015484448923e+00
6.531187224291945093e+00
6.555494904103385423e+00
6.579781782082172903e+00
6.604046614625275424e+00
6.628288209617108961e+00
6.652505392606665957e+00
6.676697017519112265e+00
6.700861951524887949e+00
6.724999112148611680e+00
6.749107449580280083e+00
6.773185874813905549e+00
6.797233409267234627e+00
6.821249038098788020e+00
6.845231821822686413e+00
6.869180770803648528e+00
6.893094994255894115e+00
6.916973597312201072e+00
6.940815649079725702e+00
6.964620352349731647e+00
6.988386824912283579e+00
7.012114260216382178e+00
7.035801893350511982e+00
7.059448884947324920e+00
7.083054530542033156e+00
7.106618056009535778e+00
7.130138748895989309e+00
7.153615901642409902e+00
7.177048835123406967e+00
7.200436869279072560e+00
7.223779357002241497e+00
7.247075668860317066e+00
7.270325152724383955e+00
7.293527229723316019e+00
7.316681297181127697e+00
7.339786791723859061e+00
7.362843130987894114e+00
7.385849782116179263e+00
7.408806207668687804e+00
7.431711887511675663e+00
7.454566312940487549e+00
7.477368989410025257e+00
7.500119452537664877e+00
7.522817223386771168e+00
7.545461854175218974e+00
7.568052888808606937e+00
7.590589885789390756e+00
7.613072460209105330e+00
7.635500170023533428e+00
7.657872632820603265e+00
7.680189453338333472e+00
7.702450259451866899e+00
7.724654691839607956e+00
7.746802374487354648e+00
7.768892992587105972e+00
7.790926172981436970e+00
7.812901612061446066e+00
7.834818988211135427e+00
7.856677999364505283e+00
7.878478328601426384e+00
7.900219693405610144e+00
7.921901811127977311e+00
7.943524388840452310e+00
7.965087197961708831e+00
7.986589946240888693e+00
8.008032411143942042e+00
8.029414325080086456e+00
8.050735472728321795e+00
8.071995614538524322e+00
8.093194529793674263e+00
8.114332023021162854e+00
8.135407865610194023e+00
8.156421865129770410e+00
8.177373828884512363e+00
8.198263565189792601e+00
8.219090899722681698e+00
8.239855661870601367e+00
8.260557674745840018e+00
8.281196785873238042e+00
8.301772838674907007e+00
8.322285665072822525e+00
8.342735136318854217e+00
8.363121126691607898e+00
8.383443470219757998e+00
8.403702063614417739e+00
8.423896773536981186e+00
8.444027476612696148e+00
8.464094073470564084e+00
8.484096442797461890e+00
8.504034485373564323e+00
8.523908107790454380e+00
8.543717216903440104e+00
8.563461713952328580e+00
8.583141503028180352e+00
8.602756533928044291e+00
8.622306710866631363e+00
8.641791960266266059e+00
8.661212214741180304e+00
8.680567413288613920e+00
8.699857485391738976e+00
8.719082390075602262e+00
8.738242064082648142e+00
8.757336454385706404e+00
8.776365524542830698e+00
8.795329228020824175e+00
8.814227523320884217e+00
8.833060382816984912e+00
8.851827758155707215e+00
8.870529649332846489e+00
8.889166005887574329e+00
8.907736796542081947e+00
8.926242035294382760e+00
8.944681678179998485e+00
8.963055717465310934e+00
8.981364153302841657e+00
8.999606962567927582e+00
9.017784150641343643e+00
9.035895713367786186e+00
9.053941648267523234e+00
9.071921965087723194e+00
9.089836670115232664e+00
9.107685747431448320e+00
9.125469236052044408e+00
9.143187127373417766e+00
9.160839452616119871e+00
9.178426232968787346e+00
9.195947464321985620e+00
9.213403191987870500e+00
9.230793426333343987e+00
9.248118205459553209e+00
9.265377548007224462e+00
9.282571486895317747e+00
9.299700060081937281e+00
9.316763293536444834e+00
9.333761233415234670e+00
9.350693910788725915e+00
9.367561357349861950e+00
9.384363637660774415e+00
9.401100770687831343e+00
9.417772830393149164e+00
9.434379837182007122e+00
9.450921853749912671e+00
9.467398929942429930e+00
9.483811115297820393e+00
9.500158464768301059e+00
9.516441042705334752e+00
9.532658891444670601e+00
9.548812066810521415e+00
9.564900651610829030e+00
9.580924671314475560e+00
9.596884224836511379e+00
